Friday; 19,24	6626221
Thursday; 19,24	6611246
Saturday; 19,24	6335384
Wednesday; 19,24	6325817
Tuesday; 19,24	5962958
Monday; 19,24	5143555
Sunday; 0,7	4948451
Saturday; 0,7	4647035
Saturday; 15,19	4506302
Saturday; 11,15	4445659
Sunday; 19,24	4309476
Wednesday; 7,11	4274714
Thursday; 7,11	4265423
Sunday; 11,15	4219967
Thursday; 11,15	4187191
Thursday; 15,19	4179572
Tuesday; 15,19	4164050
Friday; 15,19	4150834
Wednesday; 15,19	4144803
Tuesday; 7,11	4124127
Monday; 15,19	4102745
Sunday; 15,19	4091352
Wednesday; 11,15	4090156
Friday; 11,15	4051657
Friday; 7,11	4030210
Tuesday; 11,15	3966033
Monday; 7,11	3758101
Monday; 11,15	3749200
Friday; 0,7	3113180
Saturday; 7,11	2673967
Thursday; 0,7	2622137
Wednesday; 0,7	2240566
Sunday; 7,11	2225605
Monday; 0,7	1913429
Tuesday; 0,7	1911866
